#	ThLd	PhLd	PP	HThP	HPhP	PPi1	HThPi1	HPhPi1
0	0	0.00811986	-0.000306264	-0.0104462	-0.00228415	0.00199545	-0.0658753	-0.00307619
1	0.00811986	0	0.0834461	-2.24621e-05	0.126104	-0.0206484	-0.00612451	0.0175231
2	-0.000306264	0.0834461	0	-1.23048e-05	0.948194	0.0417345	-0.000169446	0.00229687
3	-0.0104462	-2.24621e-05	-1.23048e-05	0	0.0015643	0.00396632	0.00468648	-0.000333454
4	-0.00228415	0.126104	0.948194	0.0015643	0	0.0181425	-0.0028256	-0.0244886
5	0.00199545	-0.0206484	0.0417345	0.00396632	0.0181425	0	0.00313141	-0.010795
6	-0.0658753	-0.00612451	-0.000169446	0.00468648	-0.0028256	0.00313141	0	-0.00468128
7	-0.00307619	0.0175231	0.00229687	-0.000333454	-0.0244886	-0.010795	-0.00468128	0
